527
563
582
586
587
592
606
610
620
655
701
703
707
721
769
782
784
785
786
786
786
786
793
820
896
930
937
942
959
1004
1016
1017
1017
1024
1056
1142
1165
1179
1222
1264
1310
1405
1419
1421
1426
1444
1485
1494
1495
1495
1495
1495
1496
1499
1500
1500
1500
1500
1509
1542
1653
1699
1740
1843
1965
1991
2011
2092
2320
2381
2385
2386
2389
2396
2399
2399
2403
2411
2415
2416
2416
2416
2416
2416
2417
2422
2435
2438
2438
2438
2439
2439
2439
2439
2439
2439
2439
2439
2451
2527
2722
2784
2804
2846
2968
3148
3214
3226
3230
3231
3231
3231
3231
3231
3231
3231
3231
3231
3231
3233
3243
3274
3287
3287
3330
3483
3739
3869
3903
3989
4237
4361
4376
4377
4377
4377
4377
4377
4385
4420
4512
4579
4759
5160
5336
5399
5405
5406
5407
5407
5407
5470
5693
6082
6237
6294
6317
6320
6321
6323
6326
6338
6341
6342
6342
6342
6342
6342
6342
6342
6342
6342
6342
6342
6342
6342
6342
6342
6351
6421
6598
6813
7099
7180
7187
7189
7190
7190
7190
7190
7190
7190
7190
7215
7310
7582
7688
7711
7805
8079
8395
8504
8535
8601
8784
8858
8980
9316
9435
9450
9458
9486
9495
9594
10001
10524
10679
11098
12138
12487
12592
12721
12985
13158
13634
14061
14226
14605
15384
15481
15486
15697
16672
18002
18147
18155
18241
18669
19646
19837
19856
19862
19862
19862
19862
19862
19862
19862
19994
20400
21811
22490
22510
22510
22510
22510
22510
22510
22510
22510
22510
22510
22734
23364
26005
26781
26955
27252
28222
30798
31927
32233
32243
32244
32244
32244
32296
32502
33125
33593
34220
34378
34402
34405
34406
34406
34850
36621
39266
40480
40561
40638
40881
41749
42052
42171
42781
44916
48922
50125
