587
587
587
587
612
612
612
612
704
704
704
704
786
786
786
786
786
786
786
786
786
786
939
939
939
939
939
1018
1018
1018
1018
1018
1018
1163
1163
1163
1254
1254
1254
1422
1422
1422
1422
1422
1496
1496
1496
1496
1496
1496
1496
1501
1501
1501
1501
1501
1501
1501
1696
1696
1696
1824
1993
1993
1993
1993
2386
2386
2386
2386
2386
2400
2400
2400
2400
2417
2417
2417
2417
2417
2417
2417
2417
2417
2439
2439
2439
2439
2439
2439
2439
2439
2439
2439
2439
2439
2439
2439
2697
2809
2809
2809
2809
3231
3231
3231
3231
3231
3231
3231
3231
3231
3231
3231
3231
3231
3231
3231
3231
3288
3288
3288
3288
3296
3880
3880
3880
3880
4378
4378
4378
4378
4378
4378
4378
4378
4378
4378
4553
4553
4553
5189
5408
5408
5408
5408
5408
5408
5408
5408
5408
6228
6228
6322
6322
6322
6322
6322
6322
6343
6343
6343
6343
6343
6343
6343
6343
6343
6343
6343
6343
6343
6343
6343
6343
6343
6343
6343
6531
6734
7190
7190
7190
7190
7190
7190
7190
7190
7190
7190
7190
7190
7190
7699
7699
7699
7699
7981
8524
8524
8524
8524
8824
8824
8824
9450
9450
9450
9450
9496
9496
9496
9496
10575
10575
10575
12484
12484
12567
12639
13054
13054
13054
14160
14160
14197
15487
15487
15487
15487
15487
18105
18157
18157
18157
18157
19863
19863
19863
19863
19863
19863
19863
19863
19863
19863
19863
19863
22511
22511
22511
22511
22511
22511
22511
22511
22511
22511
22511
22511
22511
22511
26995
26995
26995
26995
26995
32245
32245
32245
32245
32245
32245
32245
32245
32245
33296
33296
34406
34406
34406
34406
34406
34406
34406
34406
40562
40562
40562
40562
40562
42116
42116
42116
42116
43352
50029
50029
50029
56063
