497
542
577
586
586
586
602
610
612
612
700
703
703
703
749
781
784
785
786
786
786
786
786
786
863
914
937
938
938
987
1013
1017
1017
1017
1017
1106
1160
1162
1190
1251
1253
1368
1418
1421
1422
1422
1469
1492
1495
1495
1495
1495
1495
1498
1500
1500
1500
1500
1500
1500
1589
1692
1695
1786
1937
1991
1992
1992
2244
2375
2385
2385
2386
2393
2399
2399
2399
2409
2414
2416
2416
2416
2416
2416
2416
2416
2432
2438
2438
2438
2439
2439
2439
2439
2439
2439
2439
2439
2439
2439
2683
2768
2800
2808
2808
3069
3209
3220
3229
3231
3231
3231
3231
3231
3231
3231
3231
3231
3231
3231
3231
3256
3287
3287
3287
3296
3579
3861
3877
3879
4107
4336
4376
4377
4377
4377
4377
4377
4377
4377
4470
4540
4552
4969
5289
5386
5404
5406
5407
5407
5407
5407
5407
5999
6180
6272
6312
6320
6321
6322
6322
6332
6341
6342
6342
6342
6342
6342
6342
6342
6342
6342
6342
6342
6342
6342
6342
6342
6342
6342
6517
6612
6994
7175
7186
7189
7190
7190
7190
7190
7190
7190
7190
7190
7190
7439
7674
7696
7698
7884
8280
8488
8516
8523
8699
8822
8824
9107
9418
9446
9449
9461
9495
9495
9496
10447
10569
10573
11399
12438
12523
12602
12860
13044
13053
13978
14133
14190
15189
15479
15484
15487
15487
17801
18136
18155
18156
18156
19209
19820
19848
19862
19862
19862
19862
19862
19862
19862
19862
19862
21023
22449
22510
22510
22510
22510
22510
22510
22510
22510
22510
22510
22510
22510
25273
26611
26919
26983
26994
29850
31463
32217
32242
32244
32244
32244
32244
32244
32795
33264
34070
34348
34400
34405
34406
34406
34406
34406
37862
40355
40561
40561
40561
41299
41982
42100
42114
43199
48566
49432
